count: 186.0
[0.875, 0.25, 0.375]
[0.875, 0.375, 0.25]
[1.25, 0.375, -0.125]
[1.25, 0.5, -0.25]
[1.625, 0.5, -0.625]
[1.625, 0.625, -0.75]
[2.0, 0.625, -1.125]
[2.0, 0.875, -1.375]
[2.375, 0.875, -1.75]
[2.375, 1.0, -1.875]
[2.625, 1.0, -2.125]
[2.625, 1.25, -2.375]
[3.0, 1.25, -2.75]
[3.0, 1.5, -3.0]
[3.25, 1.5, -3.25]
[3.25, 1.75, -3.5]
[3.5, 1.75, -3.75]
[3.5, 2.0, -4.0]
[3.75, 2.0, -4.25]
[3.75, 2.375, -4.625]
[4.0, 2.375, -4.875]
[4.0, 2.625, -5.125]
[4.125, 2.625, -5.25]
[4.125, 3.0, -5.625]
[4.375, 3.0, -5.875]
[4.375, 3.375, -6.25]
[4.5, 3.375, -6.375]
[4.5, 3.75, -6.75]
[4.625, 3.75, -6.875]
[4.625, 4.125, -7.25]
[4.75, 4.125, -7.375]
[4.75, 4.625, -7.875]
[4.625, 4.75, -7.875]
[4.625, 5.125, -8.25]
[4.5, 5.25, -8.25]
[4.5, 5.625, -8.625]
[4.375, 5.75, -8.625]
[4.375, 6.125, -9.0]
[4.125, 6.375, -9.0]
[4.125, 6.75, -9.375]
[4.0, 6.875, -9.375]
[4.0, 7.125, -9.625]
[3.75, 7.375, -9.625]
[3.75, 7.75, -10.0]
[3.5, 8.0, -10.0]
[3.5, 8.25, -10.25]
[3.25, 8.5, -10.25]
[3.25, 8.75, -10.5]
[3.0, 9.0, -10.5]
[3.0, 9.25, -10.75]
[2.625, 9.625, -10.75]
[2.625, 9.875, -11.0]
[2.375, 10.125, -11.0]
[2.375, 10.25, -11.125]
[2.0, 10.625, -11.125]
[2.0, 10.875, -11.375]
[1.625, 11.25, -11.375]
[1.625, 11.375, -11.5]
[1.25, 11.75, -11.5]
[1.25, 11.875, -11.625]
[0.875, 12.25, -11.625]
[0.875, 12.375, -11.75]
[0.375, 12.875, -11.75]
[0.25, 12.875, -11.625]
[-0.125, 13.25, -11.625]
[-0.25, 13.25, -11.5]
[-0.625, 13.625, -11.5]
[-0.75, 13.625, -11.375]
[-1.125, 14.0, -11.375]
[-1.375, 14.0, -11.125]
[-1.75, 14.375, -11.125]
[-1.875, 14.375, -11.0]
[-2.125, 14.625, -11.0]
[-2.375, 14.625, -10.75]
[-2.75, 15.0, -10.75]
[-3.0, 15.0, -10.5]
[-3.25, 15.25, -10.5]
[-3.5, 15.25, -10.25]
[-3.75, 15.5, -10.25]
[-4.0, 15.5, -10.0]
[-4.25, 15.75, -10.0]
[-4.625, 15.75, -9.625]
[-4.875, 16.0, -9.625]
[-5.125, 16.0, -9.375]
[-5.25, 16.125, -9.375]
[-5.625, 16.125, -9.0]
[-5.875, 16.375, -9.0]
[-6.25, 16.375, -8.625]
[-6.375, 16.5, -8.625]
[-6.75, 16.5, -8.25]
[-6.875, 16.625, -8.25]
[-7.25, 16.625, -7.875]
[-7.375, 16.75, -7.875]
[-7.875, 16.75, -7.375]
[-7.875, 16.625, -7.25]
[-8.25, 16.625, -6.875]
[-8.25, 16.5, -6.75]
[-8.625, 16.5, -6.375]
[-8.625, 16.375, -6.25]
[-9.0, 16.375, -5.875]
[-9.0, 16.125, -5.625]
[-9.375, 16.125, -5.25]
[-9.375, 16.0, -5.125]
[-9.625, 16.0, -4.875]
[-9.625, 15.75, -4.625]
[-10.0, 15.75, -4.25]
[-10.0, 15.5, -4.0]
[-10.25, 15.5, -3.75]
[-10.25, 15.25, -3.5]
[-10.5, 15.25, -3.25]
[-10.5, 15.0, -3.0]
[-10.75, 15.0, -2.75]
[-10.75, 14.625, -2.375]
[-11.0, 14.625, -2.125]
[-11.0, 14.375, -1.875]
[-11.125, 14.375, -1.75]
[-11.125, 14.0, -1.375]
[-11.375, 14.0, -1.125]
[-11.375, 13.625, -0.75]
[-11.5, 13.625, -0.625]
[-11.5, 13.25, -0.25]
[-11.625, 13.25, -0.125]
[-11.625, 12.875, 0.25]
[-11.75, 12.875, 0.375]
[-11.75, 12.375, 0.875]
[-11.625, 12.25, 0.875]
[-11.625, 11.875, 1.25]
[-11.5, 11.75, 1.25]
[-11.5, 11.375, 1.625]
[-11.375, 11.25, 1.625]
[-11.375, 10.875, 2.0]
[-11.125, 10.625, 2.0]
[-11.125, 10.25, 2.375]
[-11.0, 10.125, 2.375]
[-11.0, 9.875, 2.625]
[-10.75, 9.625, 2.625]
[-10.75, 9.25, 3.0]
[-10.5, 9.0, 3.0]
[-10.5, 8.75, 3.25]
[-10.25, 8.5, 3.25]
[-10.25, 8.25, 3.5]
[-10.0, 8.0, 3.5]
[-10.0, 7.75, 3.75]
[-9.625, 7.375, 3.75]
[-9.625, 7.125, 4.0]
[-9.375, 6.875, 4.0]
[-9.375, 6.75, 4.125]
[-9.0, 6.375, 4.125]
[-9.0, 6.125, 4.375]
[-8.625, 5.75, 4.375]
[-8.625, 5.625, 4.5]
[-8.25, 5.25, 4.5]
[-8.25, 5.125, 4.625]
[-7.875, 4.75, 4.625]
[-7.875, 4.625, 4.75]
[-7.375, 4.125, 4.75]
[-7.25, 4.125, 4.625]
[-6.875, 3.75, 4.625]
[-6.75, 3.75, 4.5]
[-6.375, 3.375, 4.5]
[-6.25, 3.375, 4.375]
[-5.875, 3.0, 4.375]
[-5.625, 3.0, 4.125]
[-5.25, 2.625, 4.125]
[-5.125, 2.625, 4.0]
[-4.875, 2.375, 4.0]
[-4.625, 2.375, 3.75]
[-4.25, 2.0, 3.75]
[-4.0, 2.0, 3.5]
[-3.75, 1.75, 3.5]
[-3.5, 1.75, 3.25]
[-3.25, 1.5, 3.25]
[-3.0, 1.5, 3.0]
[-2.75, 1.25, 3.0]
[-2.375, 1.25, 2.625]
[-2.125, 1.0, 2.625]
[-1.875, 1.0, 2.375]
[-1.75, 0.875, 2.375]
[-1.375, 0.875, 2.0]
[-1.125, 0.625, 2.0]
[-0.75, 0.625, 1.625]
[-0.625, 0.5, 1.625]
[-0.25, 0.5, 1.25]
[-0.125, 0.375, 1.25]
[0.25, 0.375, 0.875]
[0.375, 0.25, 0.875]
avg: [-3.5, 8.5, -3.5]
Yay! All points sum to -1.5 with coeffs -1 -1 -1
average radius: 9.79308481781
minimum radius: 9.54594154602
max radius: 10.1103288769
ratio min/max: 0.944177154097
standard deviation: 0.157877278376
