count: 30.0
[1.6666666666666667, 0.6666666666666666, -1.0]
[1.6666666666666667, 1.0, -0.6666666666666666]
[1.6666666666666667, 1.3333333333333333, -0.3333333333333333]
[1.3333333333333333, 1.3333333333333333, 0.0]
[1.3333333333333333, 1.6666666666666667, 0.3333333333333333]
[1.0, 1.6666666666666667, 0.6666666666666666]
[0.6666666666666666, 1.6666666666666667, 1.0]
[0.3333333333333333, 1.6666666666666667, 1.3333333333333333]
[0.0, 1.3333333333333333, 1.3333333333333333]
[-0.3333333333333333, 1.3333333333333333, 1.6666666666666667]
[-0.6666666666666666, 1.0, 1.6666666666666667]
[-1.0, 0.6666666666666666, 1.6666666666666667]
[-1.3333333333333333, 0.3333333333333333, 1.6666666666666667]
[-1.3333333333333333, 0.0, 1.3333333333333333]
[-1.6666666666666667, -0.3333333333333333, 1.3333333333333333]
[-1.6666666666666667, -0.6666666666666666, 1.0]
[-1.6666666666666667, -1.0, 0.6666666666666666]
[-1.6666666666666667, -1.3333333333333333, 0.3333333333333333]
[-1.3333333333333333, -1.3333333333333333, 0.0]
[-1.3333333333333333, -1.6666666666666667, -0.3333333333333333]
[-1.0, -1.6666666666666667, -0.6666666666666666]
[-0.6666666666666666, -1.6666666666666667, -1.0]
[-0.3333333333333333, -1.6666666666666667, -1.3333333333333333]
[0.0, -1.3333333333333333, -1.3333333333333333]
[0.3333333333333333, -1.3333333333333333, -1.6666666666666667]
[0.6666666666666666, -1.0, -1.6666666666666667]
[1.0, -0.6666666666666666, -1.6666666666666667]
[1.3333333333333333, -0.3333333333333333, -1.6666666666666667]
[1.3333333333333333, 0.0, -1.3333333333333333]
[1.6666666666666667, 0.3333333333333333, -1.3333333333333333]
avg: [-2.960594732333751e-17, 3.7007434154171884e-18, -1.4802973661668754e-17]
failed on -1 -1 -1 summ: -1.33333333333 sm: -2.0
failed on -1 -1 1 summ: -3.33333333333 sm: -2.66666666667
Yay! All points sum to 0.0 with coeffs -1 1 -1
average radius: 2.06314424348
minimum radius: 1.88561808316
max radius: 2.16024689947
ratio min/max: 0.872871560944
standard deviation: 0.100511179723
