count: 210.0
[10.75, -5.375, 4.875]
[10.875, -5.5, 4.875]
[10.875, -6.0, 4.375]
[10.875, -6.375, 4.0]
[10.875, -6.875, 3.5]
[10.75, -6.875, 3.375]
[10.75, -7.25, 3.0]
[10.625, -7.25, 2.875]
[10.625, -7.625, 2.5]
[10.5, -7.625, 2.375]
[10.5, -8.0, 2.0]
[10.375, -8.0, 1.875]
[10.375, -8.375, 1.5]
[10.125, -8.375, 1.25]
[10.125, -8.625, 1.0]
[10.0, -8.625, 0.875]
[10.0, -9.0, 0.5]
[9.75, -9.0, 0.25]
[9.75, -9.25, 0.0]
[9.5, -9.25, -0.25]
[9.5, -9.5, -0.5]
[9.25, -9.5, -0.75]
[9.25, -9.75, -1.0]
[9.0, -9.75, -1.25]
[9.0, -10.0, -1.5]
[8.625, -10.0, -1.875]
[8.625, -10.125, -2.0]
[8.375, -10.125, -2.25]
[8.375, -10.375, -2.5]
[8.0, -10.375, -2.875]
[8.0, -10.5, -3.0]
[7.625, -10.5, -3.375]
[7.625, -10.625, -3.5]
[7.25, -10.625, -3.875]
[7.25, -10.75, -4.0]
[6.875, -10.75, -4.375]
[6.875, -10.875, -4.5]
[6.375, -10.875, -5.0]
[6.0, -10.875, -5.375]
[5.5, -10.875, -5.875]
[5.375, -10.75, -5.875]
[5.0, -10.75, -6.25]
[4.875, -10.625, -6.25]
[4.5, -10.625, -6.625]
[4.375, -10.5, -6.625]
[4.0, -10.5, -7.0]
[3.875, -10.375, -7.0]
[3.5, -10.375, -7.375]
[3.25, -10.125, -7.375]
[3.0, -10.125, -7.625]
[2.875, -10.0, -7.625]
[2.5, -10.0, -8.0]
[2.25, -9.75, -8.0]
[2.0, -9.75, -8.25]
[1.75, -9.5, -8.25]
[1.5, -9.5, -8.5]
[1.25, -9.25, -8.5]
[1.0, -9.25, -8.75]
[0.75, -9.0, -8.75]
[0.5, -9.0, -9.0]
[0.125, -8.625, -9.0]
[0.0, -8.625, -9.125]
[-0.25, -8.375, -9.125]
[-0.5, -8.375, -9.375]
[-0.875, -8.0, -9.375]
[-1.0, -8.0, -9.5]
[-1.375, -7.625, -9.5]
[-1.5, -7.625, -9.625]
[-1.875, -7.25, -9.625]
[-2.0, -7.25, -9.75]
[-2.375, -6.875, -9.75]
[-2.5, -6.875, -9.875]
[-3.0, -6.375, -9.875]
[-3.375, -6.0, -9.875]
[-3.875, -5.5, -9.875]
[-3.875, -5.375, -9.75]
[-4.25, -5.0, -9.75]
[-4.25, -4.875, -9.625]
[-4.625, -4.5, -9.625]
[-4.625, -4.375, -9.5]
[-5.0, -4.0, -9.5]
[-5.0, -3.875, -9.375]
[-5.375, -3.5, -9.375]
[-5.375, -3.25, -9.125]
[-5.625, -3.0, -9.125]
[-5.625, -2.875, -9.0]
[-6.0, -2.5, -9.0]
[-6.0, -2.25, -8.75]
[-6.25, -2.0, -8.75]
[-6.25, -1.75, -8.5]
[-6.5, -1.5, -8.5]
[-6.5, -1.25, -8.25]
[-6.75, -1.0, -8.25]
[-6.75, -0.75, -8.0]
[-7.0, -0.5, -8.0]
[-7.0, -0.125, -7.625]
[-7.125, 0.0, -7.625]
[-7.125, 0.25, -7.375]
[-7.375, 0.5, -7.375]
[-7.375, 0.875, -7.0]
[-7.5, 1.0, -7.0]
[-7.5, 1.375, -6.625]
[-7.625, 1.5, -6.625]
[-7.625, 1.875, -6.25]
[-7.75, 2.0, -6.25]
[-7.75, 2.375, -5.875]
[-7.875, 2.5, -5.875]
[-7.875, 3.0, -5.375]
[-7.875, 3.375, -5.0]
[-7.875, 3.875, -4.5]
[-7.75, 3.875, -4.375]
[-7.75, 4.25, -4.0]
[-7.625, 4.25, -3.875]
[-7.625, 4.625, -3.5]
[-7.5, 4.625, -3.375]
[-7.5, 5.0, -3.0]
[-7.375, 5.0, -2.875]
[-7.375, 5.375, -2.5]
[-7.125, 5.375, -2.25]
[-7.125, 5.625, -2.0]
[-7.0, 5.625, -1.875]
[-7.0, 6.0, -1.5]
[-6.75, 6.0, -1.25]
[-6.75, 6.25, -1.0]
[-6.5, 6.25, -0.75]
[-6.5, 6.5, -0.5]
[-6.25, 6.5, -0.25]
[-6.25, 6.75, 0.0]
[-6.0, 6.75, 0.25]
[-6.0, 7.0, 0.5]
[-5.625, 7.0, 0.875]
[-5.625, 7.125, 1.0]
[-5.375, 7.125, 1.25]
[-5.375, 7.375, 1.5]
[-5.0, 7.375, 1.875]
[-5.0, 7.5, 2.0]
[-4.625, 7.5, 2.375]
[-4.625, 7.625, 2.5]
[-4.25, 7.625, 2.875]
[-4.25, 7.75, 3.0]
[-3.875, 7.75, 3.375]
[-3.875, 7.875, 3.5]
[-3.375, 7.875, 4.0]
[-3.0, 7.875, 4.375]
[-2.5, 7.875, 4.875]
[-2.375, 7.75, 4.875]
[-2.0, 7.75, 5.25]
[-1.875, 7.625, 5.25]
[-1.5, 7.625, 5.625]
[-1.375, 7.5, 5.625]
[-1.0, 7.5, 6.0]
[-0.875, 7.375, 6.0]
[-0.5, 7.375, 6.375]
[-0.25, 7.125, 6.375]
[0.0, 7.125, 6.625]
[0.125, 7.0, 6.625]
[0.5, 7.0, 7.0]
[0.75, 6.75, 7.0]
[1.0, 6.75, 7.25]
[1.25, 6.5, 7.25]
[1.5, 6.5, 7.5]
[1.75, 6.25, 7.5]
[2.0, 6.25, 7.75]
[2.25, 6.0, 7.75]
[2.5, 6.0, 8.0]
[2.875, 5.625, 8.0]
[3.0, 5.625, 8.125]
[3.25, 5.375, 8.125]
[3.5, 5.375, 8.375]
[3.875, 5.0, 8.375]
[4.0, 5.0, 8.5]
[4.375, 4.625, 8.5]
[4.5, 4.625, 8.625]
[4.875, 4.25, 8.625]
[5.0, 4.25, 8.75]
[5.375, 3.875, 8.75]
[5.5, 3.875, 8.875]
[6.0, 3.375, 8.875]
[6.375, 3.0, 8.875]
[6.875, 2.5, 8.875]
[6.875, 2.375, 8.75]
[7.25, 2.0, 8.75]
[7.25, 1.875, 8.625]
[7.625, 1.5, 8.625]
[7.625, 1.375, 8.5]
[8.0, 1.0, 8.5]
[8.0, 0.875, 8.375]
[8.375, 0.5, 8.375]
[8.375, 0.25, 8.125]
[8.625, 0.0, 8.125]
[8.625, -0.125, 8.0]
[9.0, -0.5, 8.0]
[9.0, -0.75, 7.75]
[9.25, -1.0, 7.75]
[9.25, -1.25, 7.5]
[9.5, -1.5, 7.5]
[9.5, -1.75, 7.25]
[9.75, -2.0, 7.25]
[9.75, -2.25, 7.0]
[10.0, -2.5, 7.0]
[10.0, -2.875, 6.625]
[10.125, -3.0, 6.625]
[10.125, -3.25, 6.375]
[10.375, -3.5, 6.375]
[10.375, -3.875, 6.0]
[10.5, -4.0, 6.0]
[10.5, -4.375, 5.625]
[10.625, -4.5, 5.625]
[10.625, -4.875, 5.25]
[10.75, -5.0, 5.25]
avg: [1.5, -1.5, -0.5]
failed on -1 -1 -1 summ: -10.25 sm: -9.25
Yay! All points sum to -0.5 with coeffs -1 -1 1
average radius: 11.3217723524
minimum radius: 11.1411399776
max radius: 11.5230746765
ratio min/max: 0.966854792698
standard deviation: 0.11006206072
