count: 150.0
[1.5714285714285714, 0.2857142857142857, 1.1428571428571428]
[1.5714285714285714, 0.42857142857142855, 1.0]
[2.0, 0.42857142857142855, 0.5714285714285714]
[2.0, 0.5714285714285714, 0.42857142857142855]
[2.2857142857142856, 0.5714285714285714, 0.14285714285714285]
[2.2857142857142856, 0.7142857142857143, 0.0]
[2.7142857142857144, 0.7142857142857143, -0.42857142857142855]
[2.7142857142857144, 1.0, -0.7142857142857143]
[3.0, 1.0, -1.0]
[3.0, 1.1428571428571428, -1.1428571428571428]
[3.2857142857142856, 1.1428571428571428, -1.4285714285714286]
[3.2857142857142856, 1.4285714285714286, -1.7142857142857142]
[3.5714285714285716, 1.4285714285714286, -2.0]
[3.5714285714285716, 1.7142857142857142, -2.2857142857142856]
[3.857142857142857, 1.7142857142857142, -2.5714285714285716]
[3.857142857142857, 2.0, -2.857142857142857]
[4.0, 2.0, -3.0]
[4.0, 2.2857142857142856, -3.2857142857142856]
[4.285714285714286, 2.2857142857142856, -3.5714285714285716]
[4.285714285714286, 2.7142857142857144, -4.0]
[4.428571428571429, 2.7142857142857144, -4.142857142857143]
[4.428571428571429, 3.0, -4.428571428571429]
[4.571428571428571, 3.0, -4.571428571428571]
[4.571428571428571, 3.4285714285714284, -5.0]
[4.714285714285714, 3.4285714285714284, -5.142857142857143]
[4.714285714285714, 3.857142857142857, -5.571428571428571]
[4.571428571428571, 4.0, -5.571428571428571]
[4.571428571428571, 4.428571428571429, -6.0]
[4.428571428571429, 4.571428571428571, -6.0]
[4.428571428571429, 4.857142857142857, -6.285714285714286]
[4.285714285714286, 5.0, -6.285714285714286]
[4.285714285714286, 5.428571428571429, -6.714285714285714]
[4.0, 5.714285714285714, -6.714285714285714]
[4.0, 6.0, -7.0]
[3.857142857142857, 6.142857142857143, -7.0]
[3.857142857142857, 6.428571428571429, -7.285714285714286]
[3.5714285714285716, 6.714285714285714, -7.285714285714286]
[3.5714285714285716, 7.0, -7.571428571428571]
[3.2857142857142856, 7.285714285714286, -7.571428571428571]
[3.2857142857142856, 7.571428571428571, -7.857142857142857]
[3.0, 7.857142857142857, -7.857142857142857]
[3.0, 8.0, -8.0]
[2.7142857142857144, 8.285714285714286, -8.0]
[2.7142857142857144, 8.571428571428571, -8.285714285714286]
[2.2857142857142856, 9.0, -8.285714285714286]
[2.2857142857142856, 9.142857142857142, -8.428571428571429]
[2.0, 9.428571428571429, -8.428571428571429]
[2.0, 9.571428571428571, -8.571428571428571]
[1.5714285714285714, 10.0, -8.571428571428571]
[1.5714285714285714, 10.142857142857142, -8.714285714285714]
[1.1428571428571428, 10.571428571428571, -8.714285714285714]
[1.0, 10.571428571428571, -8.571428571428571]
[0.5714285714285714, 11.0, -8.571428571428571]
[0.42857142857142855, 11.0, -8.428571428571429]
[0.14285714285714285, 11.285714285714286, -8.428571428571429]
[0.0, 11.285714285714286, -8.285714285714286]
[-0.42857142857142855, 11.714285714285714, -8.285714285714286]
[-0.7142857142857143, 11.714285714285714, -8.0]
[-1.0, 12.0, -8.0]
[-1.1428571428571428, 12.0, -7.857142857142857]
[-1.4285714285714286, 12.285714285714286, -7.857142857142857]
[-1.7142857142857142, 12.285714285714286, -7.571428571428571]
[-2.0, 12.571428571428571, -7.571428571428571]
[-2.2857142857142856, 12.571428571428571, -7.285714285714286]
[-2.5714285714285716, 12.857142857142858, -7.285714285714286]
[-2.857142857142857, 12.857142857142858, -7.0]
[-3.0, 13.0, -7.0]
[-3.2857142857142856, 13.0, -6.714285714285714]
[-3.5714285714285716, 13.285714285714286, -6.714285714285714]
[-4.0, 13.285714285714286, -6.285714285714286]
[-4.142857142857143, 13.428571428571429, -6.285714285714286]
[-4.428571428571429, 13.428571428571429, -6.0]
[-4.571428571428571, 13.571428571428571, -6.0]
[-5.0, 13.571428571428571, -5.571428571428571]
[-5.142857142857143, 13.714285714285714, -5.571428571428571]
[-5.571428571428571, 13.714285714285714, -5.142857142857143]
[-5.571428571428571, 13.571428571428571, -5.0]
[-6.0, 13.571428571428571, -4.571428571428571]
[-6.0, 13.428571428571429, -4.428571428571429]
[-6.285714285714286, 13.428571428571429, -4.142857142857143]
[-6.285714285714286, 13.285714285714286, -4.0]
[-6.714285714285714, 13.285714285714286, -3.5714285714285716]
[-6.714285714285714, 13.0, -3.2857142857142856]
[-7.0, 13.0, -3.0]
[-7.0, 12.857142857142858, -2.857142857142857]
[-7.285714285714286, 12.857142857142858, -2.5714285714285716]
[-7.285714285714286, 12.571428571428571, -2.2857142857142856]
[-7.571428571428571, 12.571428571428571, -2.0]
[-7.571428571428571, 12.285714285714286, -1.7142857142857142]
[-7.857142857142857, 12.285714285714286, -1.4285714285714286]
[-7.857142857142857, 12.0, -1.1428571428571428]
[-8.0, 12.0, -1.0]
[-8.0, 11.714285714285714, -0.7142857142857143]
[-8.285714285714286, 11.714285714285714, -0.42857142857142855]
[-8.285714285714286, 11.285714285714286, 0.0]
[-8.428571428571429, 11.285714285714286, 0.14285714285714285]
[-8.428571428571429, 11.0, 0.42857142857142855]
[-8.571428571428571, 11.0, 0.5714285714285714]
[-8.571428571428571, 10.571428571428571, 1.0]
[-8.714285714285714, 10.571428571428571, 1.1428571428571428]
[-8.714285714285714, 10.142857142857142, 1.5714285714285714]
[-8.571428571428571, 10.0, 1.5714285714285714]
[-8.571428571428571, 9.571428571428571, 2.0]
[-8.428571428571429, 9.428571428571429, 2.0]
[-8.428571428571429, 9.142857142857142, 2.2857142857142856]
[-8.285714285714286, 9.0, 2.2857142857142856]
[-8.285714285714286, 8.571428571428571, 2.7142857142857144]
[-8.0, 8.285714285714286, 2.7142857142857144]
[-8.0, 8.0, 3.0]
[-7.857142857142857, 7.857142857142857, 3.0]
[-7.857142857142857, 7.571428571428571, 3.2857142857142856]
[-7.571428571428571, 7.285714285714286, 3.2857142857142856]
[-7.571428571428571, 7.0, 3.5714285714285716]
[-7.285714285714286, 6.714285714285714, 3.5714285714285716]
[-7.285714285714286, 6.428571428571429, 3.857142857142857]
[-7.0, 6.142857142857143, 3.857142857142857]
[-7.0, 6.0, 4.0]
[-6.714285714285714, 5.714285714285714, 4.0]
[-6.714285714285714, 5.428571428571429, 4.285714285714286]
[-6.285714285714286, 5.0, 4.285714285714286]
[-6.285714285714286, 4.857142857142857, 4.428571428571429]
[-6.0, 4.571428571428571, 4.428571428571429]
[-6.0, 4.428571428571429, 4.571428571428571]
[-5.571428571428571, 4.0, 4.571428571428571]
[-5.571428571428571, 3.857142857142857, 4.714285714285714]
[-5.142857142857143, 3.4285714285714284, 4.714285714285714]
[-5.0, 3.4285714285714284, 4.571428571428571]
[-4.571428571428571, 3.0, 4.571428571428571]
[-4.428571428571429, 3.0, 4.428571428571429]
[-4.142857142857143, 2.7142857142857144, 4.428571428571429]
[-4.0, 2.7142857142857144, 4.285714285714286]
[-3.5714285714285716, 2.2857142857142856, 4.285714285714286]
[-3.2857142857142856, 2.2857142857142856, 4.0]
[-3.0, 2.0, 4.0]
[-2.857142857142857, 2.0, 3.857142857142857]
[-2.5714285714285716, 1.7142857142857142, 3.857142857142857]
[-2.2857142857142856, 1.7142857142857142, 3.5714285714285716]
[-2.0, 1.4285714285714286, 3.5714285714285716]
[-1.7142857142857142, 1.4285714285714286, 3.2857142857142856]
[-1.4285714285714286, 1.1428571428571428, 3.2857142857142856]
[-1.1428571428571428, 1.1428571428571428, 3.0]
[-1.0, 1.0, 3.0]
[-0.7142857142857143, 1.0, 2.7142857142857144]
[-0.42857142857142855, 0.7142857142857143, 2.7142857142857144]
[0.0, 0.7142857142857143, 2.2857142857142856]
[0.14285714285714285, 0.5714285714285714, 2.2857142857142856]
[0.42857142857142855, 0.5714285714285714, 2.0]
[0.5714285714285714, 0.42857142857142855, 2.0]
[1.0, 0.42857142857142855, 1.5714285714285714]
[1.1428571428571428, 0.2857142857142857, 1.5714285714285714]
avg: [-1.9999999999999996, 7.0, -2.0000000000000013]
Yay! All points sum to -3.0 with coeffs -1 -1 -1
average radius: 7.9314074933
minimum radius: 7.68513008932
max radius: 8.22886904224
ratio min/max: 0.933923003255
standard deviation: 0.152929461024
